483100993434
483100860616
483100986935
313101990475
373102427325
333100362760
373101407770
433100872466
453100377193
717100700019359
717100700010516
717100700019898
717100700022882
717100700031367
523101264081
373102337705
313102110628
483100984553
283100817783
373101948620
423101342506
373102343453
313101902594
283100781904
423100964377
373102585108
373101612903
523101275535
523100794122
483100906074
373101875952
463100498343
523101122968
313101654243
433101498896
353101210178
523101232166
453100404053
423101001779
483100831948
373101832051
373102450830
433101469876
423100992324
373101874830
463100313997
373101523199
373102814284
373102260929
453100400345
533100610677
313102093326
453100764921
463100458553
453100670216
523101102911
313101560349
483100833043
533100482317
373102766250
483101007133
533100598323
453100678611
373102148163
283100810164
373102996241
373102996241
373102996241
373102996241
373102996241
373102996241
373102262450
373102328577
